sgRNA	gene	Plasmid_CTRL_1	Plasmid_CTRL_2	Plasmid_CTRL_3	Plasmid_CTRL_4	A549_D21_1	A549_D21_2	A549_D21_3	A549_D21_4	ASPC-1_D21_1	ASPC-1_D21_2	ASPC-1_D21_3	ASPC-1_D21_4	CFPAC-1_D21_1	CFPAC-1_D21_2	CFPAC-1_D21_3	CHP-212_D21_1	CHP-212_D21_2	CHP-212_D21_3	CHP-212_D21_4	DAN-G_D21_1	DAN-G_D21_2	DAN-G_D21_3	DAN-G_D21_4	HUP-T3_D21_1	HUP-T3_D21_2	HUP-T3_D21_3	HUP-T3_D21_4	KELLY_D21_1	KELLY_D21_2	KELLY_D21_3	KP-2_D21_1	KP-2_D21_2	KP-2_D21_3	KP-3_D21_1	KP-3_D21_2	KP-3_D21_3	KP4_D21_1	KP4_D21_2	KP4_D21_3	KP4_D21_4
AAAAAAATCCAGCAATGCAG	SHOC2	629	955	768	5289	257	267	658	441	483	437	965	616	513	384	373	157	276	382	348	780	635	620	773	1077	818	526	1014	498	443	508	356	620	458	565	449	533	641	411	418	621
AAAAAACCCGTAGATAGCCT	NDUFA12	819	1325	1147	7618	599	594	758	857	681	419	806	680	698	774	720	483	706	342	797	865	882	881	825	726	942	849	857	570	478	580	765	541	703	723	825	599	775	529	554	717
AAAAAAGAAGAAAAAACCAG	SDAD1	167	217	158	1262	100	117	152	93	150	107	289	206	65	156	133	36	206	8	46	137	102	72	87	42	170	143	135	137	104	82	130	128	65	114	193	65	47	66	80	57
AAAAAAGCTCAAGAAGGAGG	FAM98A	266	413	324	2304	231	60	144	163	241	181	342	300	266	206	163	228	204	146	117	521	282	261	225	212	204	217	260	173	327	261	198	181	156	303	172	204	247	183	669	390
AAAAAAGGCTGTAAAAGCGT	ZNF253	348	573	472	3164	256	198	363	392	301	217	520	286	340	237	125	123	260	273	155	307	233	339	343	277	252	476	312	306	382	382	261	191	139	235	184	340	172	136	266	163
AAAAAAGGGCTCCAAAAAGG	HIST1H2BF	537	709	651	4622	249	407	364	696	468	279	689	679	529	354	357	413	326	238	257	753	736	591	673	524	742	478	441	377	380	332	527	613	492	656	438	565	436	290	247	246
AAAAACAACACATCAGAGCG	SYNE2	326	494	426	2873	225	76	357	404	203	255	409	258	222	306	246	135	332	421	261	555	390	440	369	358	375	457	617	353	278	366	275	541	673	434	446	459	391	195	230	347
AAAAACTCTGGGAAATGACT	SPHAR	526	774	643	4196	398	505	494	781	596	251	605	676	431	453	239	342	384	468	659	701	708	591	568	888	716	853	596	519	483	457	490	661	593	678	663	424	520	317	754	351
AAAAAGACAACCTCGCCCTG	BATF2	758	1163	852	6401	322	448	872	573	765	362	993	899	509	481	436	437	533	908	473	952	848	753	950	753	803	648	817	759	610	692	314	529	480	682	773	473	610	239	475	417
AAAAAGAGCTGTTTGAACAA	MYSM1	1051	1620	1249	8902	499	544	780	919	762	814	1557	1502	981	894	732	1135	668	486	601	1234	1396	1149	1238	1312	1574	1190	1626	1153	990	1101	1378	1095	1161	847	1214	877	1250	1053	989	744
AAAAAGATCATGATTGAGCG	EIF2B1	799	1204	975	7064	297	666	395	606	589	535	1045	898	447	341	341	891	444	781	1107	704	800	761	679	536	448	476	473	506	454	646	909	759	556	719	638	689	276	304	329	323
AAAAAGCCTGGATAACGGAA	CSH2	238	414	352	1989	52	106	130	208	179	67	424	416	113	166	78	24	231	119	325	214	186	98	214	103	140	189	103	170	132	251	122	87	156	331	225	142	116	123	162	123
AAAAAGCTGGGTTAGAAGCG	FBXO21	532	891	674	4970	610	696	406	863	432	309	563	791	677	459	393	755	526	732	521	723	755	500	691	528	445	505	564	523	529	544	519	709	411	495	710	573	625	578	400	656
AAAAATCCGGACAATGGTGG	SLC25A24	594	859	674	5068	524	587	440	560	457	313	765	635	690	453	394	449	463	1187	876	869	493	692	543	660	603	560	634	514	513	447	754	782	410	533	539	526	419	348	505	591
AAAAATCCTCTGAAGCCGCA	TOP3A	459	642	563	4234	84	236	222	416	408	327	486	582	137	193	228	131	178	1074	230	392	350	371	353	281	102	225	225	213	168	349	582	429	440	277	538	278	73	179	129	98
AAAAATGCCAAAAAGCAAGC	ZNF706	326	547	379	2763	385	524	240	658	188	169	368	220	481	167	296	130	276	228	162	542	384	295	437	351	348	332	352	261	279	231	366	548	320	237	265	264	478	256	255	416
AAAAATGCGCAAATTCAGCG	PIK3CB	333	484	437	2780	242	282	349	989	211	119	290	461	334	151	246	635	393	590	165	596	358	383	296	287	333	508	350	287	230	278	327	278	435	275	160	147	361	281	322	399
AAAAATGCTGAATTTCCCAG	ANKRD32	1431	2352	1896	13239	703	1061	993	1661	1198	981	1524	1567	1164	947	713	1016	2062	1664	984	1924	1806	1750	1962	1287	1562	1434	1338	1011	1028	713	1139	1393	1344	1106	1403	1187	1163	1007	959	1156
AAAAATGGTTGACCTCACCC	MGST1	432	684	567	3772	181	257	483	608	412	256	515	522	498	371	188	183	445	607	885	478	629	496	556	725	566	487	520	524	376	505	344	338	250	498	413	383	328	162	270	545
